gridtype  = unstructured 
gridsize  = 10
nvertex   = 5 
xvals     = 180.00000
216.00000
108.00000
144.00000
36.00000
72.00000
324.00000
360.00000
252.00000
288.00000
xbounds   = 179.18782  178.70166  180.00000  181.29834  180.81218
216.00000  214.70166  215.18782  216.81218  217.29834
107.18782  106.70166  108.00000  109.29834  108.81218
143.18782  144.81218  145.29834  144.00000  142.70166
37.29834  36.81218  35.18782  34.70166  36.00000
73.29834  72.00000  70.70166  71.18782  72.81218
324.00000  325.29834  324.81218  323.18782  322.70166
359.18782  0.81218  1.29834  360.00000  358.70166
252.81218  251.18782  250.70166  252.00000  253.29834
286.70166  287.18782  288.81218  289.29834  288.00000
yvals     = 26.56505
-26.56505
26.56505
-26.56505
26.56505
-26.56505
26.56505
-26.56505
26.56505
-26.56505
ybounds   = 27.55386  26.18060  25.33996  26.18060  27.55386
-25.33996  -26.18060  -27.55386  -27.55386  -26.18060
27.55386  26.18060  25.33996  26.18060  27.55386
-27.55386  -27.55386  -26.18060  -25.33996  -26.18060
26.18060  27.55386  27.55386  26.18060  25.33996
-26.18060  -25.33996  -26.18060  -27.55386  -27.55386
25.33996  26.18060  27.55386  27.55386  26.18060
-27.55386  -27.55386  -26.18060  -25.33996  -26.18060
27.55386  27.55386  26.18060  25.33996  26.18060
-26.18060  -27.55386  -27.55386  -26.18060  -25.33996
